Mouth:0.544409271888435,0.62113460260241 (1045,670)
Nose:0.542428348772228,0.540674496829189 (1041,584)
Chin:0.552693048585206,0.757489103515591 (1061,818)
REye:0.487239721324295,0.395141654510097
REye:0.489327478781343,0.418517187426897 (937,439)
LEye:0.5897516194731,0.384142688523102
LEye:0.589817871432752,0.406465163074721 (1132,427)