RightEye1=146.829090909091,160.425454545455
LeftEye1=252.936363636364,159.5
Nose1=201.701818181818,259.432727272727
Mouth3=202.414545454545,302.909090909091
Chin1=196.712727272727,377.745454545455
