RightEye1=186.496363636364,209.5
LeftEye1=290.996363636364,211
Nose1=239.625454545455,306.090909090909
Mouth3=241.374545454545,345.445454545455
Chin1=237.001818181818,423.28
