RightEye1=126.727272727273,139.114545454545
LeftEye1=195.718181818182,142.505454545455
Nose1=161.241818181818,194.389090909091
Mouth3=160.118181818182,221.356363636364
Chin1=152.252727272727,275.290909090909
