RightEye1=83.4963636363636,86.5
LeftEye1=129.621818181818,93.7490909090909
Nose1=100.752727272727,125.098181818182
Mouth3=95.5090909090909,140.08
Chin1=88.7672727272727,170.792727272727
