RightEye1=74.4909090909091,80.6909090909091
LeftEye1=111.463636363636,77.2272727272727
Nose1=97.0727272727273,111.581818181818
Mouth3=99.1454545454545,125.745454545455
Chin1=101.218181818182,152
