RightEye1=72.3363636363636,83.5
LeftEye1=116.963636363636,77
Nose1=100.527272727273,120.563636363636
Mouth3=107.436363636364,137.490909090909
Chin1=116.072727272727,162.709090909091
