RightEye1=72.5636363636364,75.9818181818182
LeftEye1=112.036363636364,75.9818181818182
Nose1=91.6363636363636,113.236363636364
Mouth3=91.6363636363636,125.345454545455
Chin1=90.6545454545455,150.872727272727
