RightEye1=99.1727272727273,107.5
LeftEye1=157.254545454545,105
Nose1=131.345454545455,160.581818181818
Mouth3=134.4,183.272727272727
Chin1=138.763636363636,213.818181818182
