RightEye1=75.5909090909091,88.5
LeftEye1=125.090909090909,86
Nose1=102.909090909091,129.454545454545
Mouth3=103.636363636364,150.545454545454
Chin1=104.363636363636,185.454545454546
