RightEye1=84.6818181818182,80.1363636363636
LeftEye1=124.409090909091,92.6818181818182
Nose1=93.0909090909091,124
Mouth3=86.5454545454545,138.181818181818
Chin1=76.3636363636364,167.272727272727
