RightEye1=65.1309090909091,70.6981818181818
LeftEye1=100.198181818182,70.1036363636364
Nose1=82.3963636363636,102.316363636364
Mouth3=82.6981818181818,114.690909090909
Chin1=84.2072727272727,138.836363636363
