RightEye1=74.6090909090909,85.8454545454545
LeftEye1=116.454545454546,79.3454545454545
Nose1=100.181818181818,116.763636363636
Mouth3=102.254545454545,130.236363636364
Chin1=107.781818181818,161.327272727273
