RightEye1=88.2981818181818,96.1163636363636
LeftEye1=127.812727272728,88.4436363636364
Nose1=115.090909090909,124.298181818182
Mouth3=118.16,142.329090909091
Chin1=120.461818181818,164.58
