RightEye1=87.4363636363637,99.6727272727274
LeftEye1=142.836363636364,98.6727272727273
Nose1=115.836363636364,148.454545454545
Mouth3=117.509090909091,169.363636363637
Chin1=118.763636363636,199.054545454546
