RightEye1=63.3690909090909,64.0527272727273
LeftEye1=93.8290909090909,63.6581818181818
Nose1=81.8036363636364,90.3709090909091
Mouth3=81.8036363636364,102.530909090909
Chin1=82.6327272727273,121.876363636364
