RightEye1=68.1836363636364,69.7927272727273
LeftEye1=99.6218181818182,77.5490909090909
Nose1=75.8163636363636,103.332727272727
Mouth3=71.1327272727273,115.627272727273
Chin1=63.8145454545455,137.289090909091
