RightEye1=101.476363636364,112.238181818182
LeftEye1=157.703636363636,110.238181818182
Nose1=129.5,160.58
Mouth3=129.5,182.241818181818
Chin1=129.970909090909,212.850909090909
