RightEye1=83,88
LeftEye1=128,93
Nose1=102.625454545455,122.850909090909
Mouth3=100.752727272727,141.952727272727
Chin1=97.0072727272727,168.545454545455
