RightEye1=92.4090909090909,93.9545454545454
LeftEye1=139.181818181818,100.818181818182
Nose1=109.227272727273,140.318181818182
Mouth3=108.409090909091,156.272727272727
Chin1=103.909090909091,182.454545454545
