RightEye1=64.4145454545454,74.6981818181818
LeftEye1=100.5,69.5
Nose1=84.5090909090909,100.203636363636
Mouth3=86.32,113.181818181818
Chin1=90.2436363636364,139.741818181818
