RightEye1=82.4727272727273,92.2909090909091
LeftEye1=133.178181818182,94.9636363636364
Nose1=102.501818181818,135.490909090909
Mouth3=100.930909090909,153.949090909091
Chin1=97.3963636363636,182.225454545455
