RightEye1=70,71
LeftEye1=106,72
Nose1=89.5418181818182,102.6
Mouth3=89.2309090909091,114.414545454545
Chin1=89.2309090909091,148.303636363636
