RightEye1=64.2981818181818,67.5963636363636
LeftEye1=100.785454545455,75.44
Nose1=77.2290909090909,98.4
Mouth3=73.6509090909091,111.221818181818
Chin1=65.3018181818182,138.952727272727
