RightEye1=172.054545454545,188.583636363636
LeftEye1=274.054545454545,192.416363636364
Nose1=219.889090909091,265.8
Mouth3=218.278181818182,306.878181818182
Chin1=217.472727272727,390.645454545455
