RightEye1=185.618181818182,226
LeftEye1=302.965454545455,235.5
Nose1=236.450909090909,301.105454545455
Mouth3=231.832727272727,343.592727272727
Chin1=219.825454545455,438.727272727273
