RightEye1=194.429090909091,234.5
LeftEye1=325.523636363636,233.5
Nose1=258.736363636364,331.963636363636
Mouth3=253.854545454545,378.829090909091
Chin1=255.807272727273,471.583636363636
