RightEye1=155.429090909091,185.429090909091
LeftEye1=256.145454545455,177
Nose1=212.22,251.52
Mouth3=213.649090909091,286.532727272727
Chin1=220.794545454545,360.845454545455
