RightEye1=166.570909090909,177
LeftEye1=262.856363636364,186.5
Nose1=210.501818181818,247.418181818182
Mouth3=207.36,280.407272727273
Chin1=196.363636363636,358.167272727273
