RightEye1=126.489090909091,157.165454545454
LeftEye1=200.830909090909,156.834545454546
Nose1=150.392727272728,223.592727272727
Mouth3=152.389090909091,255.534545454545
Chin1=163.036363636364,311.432727272728
