RightEye1=166.66,180.209090909091
LeftEye1=246.034545454546,183.176363636364
Nose1=201.032727272727,247.767272727273
Mouth3=199.549090909091,281.890909090909
Chin1=199.549090909091,355.330909090909
