RightEye1=152.894545454546,173
LeftEye1=240.670909090909,171.605454545455
Nose1=197.552727272727,239.523636363636
Mouth3=197.552727272727,273.534545454545
Chin1=196.829090909091,334.32
