RightEye1=178.081818181818,199.5
LeftEye1=287.141818181818,204
Nose1=230.850909090909,278.909090909091
Mouth3=229.992727272727,320.96
Chin1=226.56,417.934545454545
