RightEye1=266.832727272727,281.203636363636
LeftEye1=400.981818181818,281.610909090909
Nose1=331,391.181818181818
Mouth3=332.203636363636,453.770909090909
Chin1=335.814545454545,563.301818181818
