RightEye1=262.625454545455,325.625454545455
LeftEye1=473.810909090909,310.625454545455
Nose1=378.905454545455,460.867272727273
Mouth3=386.967272727273,528.049090909091
Chin1=396.372727272727,650.32
