RightEye1=154.727272727273,175
LeftEye1=247.772727272727,175.227272727273
Nose1=200,243.636363636364
Mouth3=198.545454545455,281.454545454545
Chin1=197.090909090909,355.636363636364
