RightEye1=131.574545454545,168.389090909091
LeftEye1=223.389090909091,179.610909090909
Nose1=171.687272727273,234.310909090909
Mouth3=170.28,270.9
Chin1=168.872727272727,336.338181818182
