RightEye1=124.043636363636,144.916363636364
LeftEye1=208.130909090909,152.072727272727
Nose1=162.807272727273,198.589090909091
Mouth3=162.210909090909,223.04
Chin1=156.843636363636,276.116363636364
