RightEye1=183.665454545455,196
LeftEye1=258.361818181818,190.221818181818
Nose1=228.749090909091,261.772727272727
Mouth3=230.36,294.796363636364
Chin1=232.776363636364,356.010909090909
