RightEye1=152.6,222.5
LeftEye1=247.909090909091,215.418181818182
Nose1=205.672727272727,296.572727272727
Mouth3=207.509090909091,337.890909090909
Chin1=214.854545454545,415.018181818182
