RightEye1=306.596363636364,345.163636363636
LeftEye1=471.067272727273,340.663636363636
Nose1=389.701818181818,465.636363636364
Mouth3=392.567272727273,525.810909090909
Chin1=401.163636363636,650.458181818182
