RightEye1=299.187272727273,334.249090909091
LeftEye1=446.843636363636,329.249090909091
Nose1=374.874545454545,440.712727272727
Mouth3=380.249090909091,491.770909090909
Chin1=384.28,595.230909090909
