RightEye1=164.812727272727,220.96
LeftEye1=276.745454545455,223.058181818182
Nose1=213.954545454545,323.309090909091
Mouth3=216.807272727273,378.461818181818
Chin1=217.758181818182,470.7
